[0m[38;2;0;0;0m                           [38;2;6;6;6m [38;2;1;1;1m [38;2;0;0;0m                          [0m
[0m[38;2;0;0;0m                         [38;2;3;3;3m [38;2;140;140;140m;[38;2;207;207;207m.[38;2;183;183;183m'[38;2;8;8;8m.[38;2;0;0;0m                         [0m
[0m[38;2;0;0;0m                         [38;2;0;0;0m [38;2;19;19;19m [38;2;132;132;132ml[38;2;46;46;46m'[38;2;13;13;13m [38;2;0;0;0m                         [0m
[0m[38;2;0;0;0m    [38;2;2;2;2m [38;2;27;27;27m     [38;2;14;14;14m [38;2;0;0;0m               [38;2;14;14;14m,[38;2;60;60;60m0[38;2;20;20;20md[38;2;0;0;0m                          [0m
[0m[38;2;0;0;0m    [38;2;11;11;11m [38;2;134;134;134m     [38;2;70;70;70m [38;2;0;0;0m               [38;2;31;31;31m:[38;2;60;60;60m0[38;2;34;34;34m0[38;2;0;0;0m [38;2;0;0;0m                         [0m
[0m[38;2;0;0;0m    [38;2;11;11;11m [38;2;134;134;134m     [38;2;70;70;70m [38;2;0;0;0m           [38;2;9;9;9ml[38;2;55;55;55m0[38;2;90;90;90mx[38;2;114;114;114mo[38;2;84;82;82m.[38;2;162;43;46mk[38;2;104;97;97mc[38;2;64;64;64m;[38;2;85;85;85mk[38;2;56;56;56m0[38;2;22;22;22mK[38;2;1;1;1m [38;2;0;0;0m                     [0m
[0m[38;2;0;0;0m    [38;2;6;6;6m [38;2;69;69;69m     [38;2;36;36;36m [38;2;0;0;0m           [38;2;109;109;109m [38;2;108;108;108m [38;2;60;60;60m [38;2;23;23;23m [38;2;151;24;28m0[38;2;225;6;12mO[38;2;187;35;39mk[38;2;3;2;2m.[38;2;38;38;38m [38;2;73;73;73m [38;2;106;106;106m [38;2;24;24;24m [38;2;0;0;0m                     [0m
[0m[38;2;0;0;0m                         [38;2;86;2;5m0[38;2;225;5;12mO[38;2;225;6;12mO[38;2;226;7;12mO[38;2;138;4;8mK[38;2;21;1;1mO[38;2;0;0;0m                        [0m
[0m[38;2;0;0;0m                        [38;2;48;2;3mx[38;2;222;5;11mO[38;2;225;6;12mO[38;2;225;6;12mO[38;2;225;6;12mO[38;2;226;6;12mO[38;2;149;4;8m0[38;2;0;0;0m [38;2;0;0;0m                       [0m
[0m[38;2;0;0;0m               [38;2;3;0;0mo[38;2;0;0;0m [38;2;1;0;0m,[38;2;0;0;0m     [38;2;25;1;1mo[38;2;213;5;11mO[38;2;226;6;12mO[38;2;225;6;12mO[38;2;226;6;12mO[38;2;226;6;12mO[38;2;226;6;12mO[38;2;225;6;12mO[38;2;73;2;4m0[38;2;0;0;0m                       [0m
[0m[38;2;0;0;0m               [38;2;12;12;12m [38;2;110;2;6ml[38;2;148;3;8mK[38;2;110;3;6mX[38;2;110;3;6mX[38;2;98;3;5mX[38;2;59;2;3mN[38;2;2;0;0m'[38;2;75;2;4m,[38;2;226;6;12mO[38;2;226;7;13mO[38;2;226;7;13mO[38;2;226;7;13mO[38;2;227;6;12mO[38;2;227;7;13mO[38;2;227;7;13mO[38;2;222;6;12mO[38;2;56;1;3mO[38;2;0;0;0m  [38;2;6;0;0mx[38;2;32;1;2mW[38;2;42;2;3mW[38;2;42;3;4mW[38;2;40;2;3mW[38;2;86;3;5mN[38;2;15;1;1m.[38;2;0;0;0m             [0m
[0m[38;2;0;0;0m                [38;2;16;0;1m.[38;2;112;1;5mX[38;2;107;1;6mX[38;2;107;2;6mX[38;2;126;2;6mX[38;2;191;4;10m0[38;2;200;6;11mO[38;2;101;2;5mX[38;2;69;2;4mo[38;2;46;1;2m.[38;2;227;7;12mO[38;2;226;7;13mO[38;2;226;7;13mO[38;2;226;7;13mO[38;2;227;7;13mO[38;2;227;7;13mO[38;2;220;7;12mO[38;2;148;4;8mK[38;2;184;5;10m0[38;2;221;6;12mO[38;2;188;4;9m0[38;2;132;2;6mK[38;2;110;1;6mX[38;2;117;1;6mX[38;2;37;1;2m.[38;2;1;1;1m [38;2;0;0;0m             [0m
[0m[38;2;0;0;0m                [38;2;1;0;0m [38;2;183;4;9m0[38;2;111;1;6mX[38;2;151;3;8mK[38;2;208;5;11mO[38;2;218;6;12mO[38;2;226;6;12mO[38;2;226;7;13mO[38;2;220;7;12mO[38;2;173;5;9m0[38;2;195;18;22mO[38;2;224;10;15mO[38;2;227;7;12mO[38;2;227;7;13mO[38;2;227;7;13mO[38;2;226;7;13mO[38;2;226;7;13mO[38;2;226;7;13mO[38;2;227;7;13mO[38;2;217;6;12mO[38;2;138;2;7mK[38;2;104;1;5mX[38;2;109;1;6mX[38;2;71;2;4m:[38;2;3;3;3m [38;2;0;0;0m              [0m
[0m[38;2;0;0;0m                [38;2;6;6;6m [38;2;102;2;5mc[38;2;68;2;3m.[38;2;223;6;12mO[38;2;213;6;11mO[38;2;214;6;11mO[38;2;226;6;12mO[38;2;226;7;13mO[38;2;226;7;13mO[38;2;227;7;13mO[38;2;226;7;13mO[38;2;227;7;13mO[38;2;227;6;13mO[38;2;227;6;12mO[38;2;227;6;12mO[38;2;227;7;12mO[38;2;226;7;12mO[38;2;226;7;12mO[38;2;217;6;12mO[38;2;214;6;11mO[38;2;210;5;11mO[38;2;127;3;6md[38;2;48;48;48m [38;2;14;14;14m [38;2;0;0;0m               [0m
[0m[38;2;0;0;0m                 [38;2;3;3;3m [38;2;47;1;3mx[38;2;226;6;12mO[38;2;201;5;11mO[38;2;136;4;7mK[38;2;127;3;6mX[38;2;142;3;7mK[38;2;213;6;11mO[38;2;226;6;12mO[38;2;226;7;13mO[38;2;226;7;13mO[38;2;227;6;12mO[38;2;227;6;12mO[38;2;227;6;12mO[38;2;205;6;11mO[38;2;143;4;7mK[38;2;127;3;6mX[38;2;134;3;7mK[38;2;198;5;10m0[38;2;148;4;8mk[38;2;5;5;5m [38;2;0;0;0m                 [0m
[0m[38;2;0;0;0m                 [38;2;47;1;3mk[38;2;214;5;11mO[38;2;226;6;12mO[38;2;198;5;10m0[38;2;135;3;7mK[38;2;127;3;6mX[38;2;146;7;10mK[38;2;219;24;29mk[38;2;238;36;41mx[38;2;91;4;6mX[38;2;135;3;7mK[38;2;126;3;6mX[38;2;108;8;10mX[38;2;234;26;31mx[38;2;212;13;18mO[38;2;146;4;7mK[38;2;125;3;6mX[38;2;136;3;7mK[38;2;198;5;10m0[38;2;224;7;12mO[38;2;88;3;5mK[38;2;0;0;0m                 [0m
[0m[38;2;0;0;0m                [38;2;64;2;3m0[38;2;219;5;11mO[38;2;227;18;26mk[38;2;230;54;69md[38;2;220;58;74md[38;2;224;64;81mo[38;2;239;73;87ml[38;2;249;75;81ml[38;2;251;71;73ml[38;2;49;14;14m.[38;2;36;19;19m.[38;2;134;109;109mo[38;2;93;64;64mc[38;2;10;3;3m [38;2;250;70;72ml[38;2;250;71;73ml[38;2;245;66;73mo[38;2;235;73;88ml[38;2;221;59;74md[38;2;220;61;77md[38;2;230;59;74mo[38;2;226;23;31mk[38;2;111;3;6mX[38;2;0;0;0m [38;2;0;0;0m               [0m
[0m[38;2;0;0;0m              [38;2;3;0;0ml[38;2;95;2;5mX[38;2;224;6;12mO[38;2;226;6;12mO[38;2;226;6;12mO[38;2;227;11;17mk[38;2;238;39;43md[38;2;249;68;71ml[38;2;250;70;73ml[38;2;251;71;73ml[38;2;81;23;24m.[38;2;6;6;6m [38;2;22;22;22m.[38;2;174;174;174m,[38;2;97;97;97m;[38;2;0;0;0m [38;2;6;2;2m [38;2;250;70;73ml[38;2;250;71;74ml[38;2;250;71;74ml[38;2;245;57;60mo[38;2;234;26;31mx[38;2;227;7;13mO[38;2;226;7;12mO[38;2;226;7;12mO[38;2;143;4;8mK[38;2;89;1;6mN[38;2;40;1;3m;[38;2;30;30;30m [38;2;29;29;29m [38;2;29;29;29m [38;2;50;1;3mc[38;2;81;1;5mN[38;2;60;1;4mN[38;2;32;1;2mW[38;2;0;0;0m.[38;2;0;0;0m     [0m
[0m[38;2;0;0;0m          [38;2;9;0;1mk[38;2;49;1;3mW[38;2;81;1;5mN[38;2;34;0;2m'[38;2;175;4;10m0[38;2;226;6;12mO[38;2;226;6;12mO[38;2;227;6;12mO[38;2;227;6;12mO[38;2;244;53;57mo[38;2;251;70;73ml[38;2;250;71;74ml[38;2;250;71;73ml[38;2;119;34;35m;[38;2;5;5;5m [38;2;3;0;0mx[38;2;84;62;63mO[38;2;164;124;126mc[38;2;131;73;76mx[38;2;77;1;5mN[38;2;52;1;3mc[38;2;97;22;24m,[38;2;250;71;74ml[38;2;250;72;75ml[38;2;250;72;75ml[38;2;249;67;70ml[38;2;227;9;15mO[38;2;226;7;13mO[38;2;226;6;12mO[38;2;226;7;12mO[38;2;154;4;9mK[38;2;2;0;0m.[38;2;0;0;0m   [38;2;1;1;1m [38;2;28;1;2mK[38;2;96;2;6mX[38;2;119;2;7mk[38;2;17;17;17m [38;2;0;0;0m     [0m
[0m[38;2;0;0;0m        [38;2;36;1;2mN[38;2;93;2;6m0[38;2;34;34;34m [38;2;20;20;20m [38;2;3;0;0m [38;2;128;3;7mX[38;2;226;6;12mO[38;2;226;6;12mO[38;2;226;6;12mO[38;2;226;6;12mO[38;2;229;15;20mk[38;2;239;61;64mo[38;2;223;53;57md[38;2;207;43;48mx[38;2;191;33;38mk[38;2;79;8;11mc[38;2;32;32;32m [38;2;30;30;30m [38;2;28;9;10m.[38;2;161;104;107mo[38;2;83;56;57mc[38;2;7;7;7m [38;2;1;1;1m [38;2;13;3;4m.[38;2;250;70;72ml[38;2;250;72;75ml[38;2;250;72;75ml[38;2;250;72;74ml[38;2;237;35;40mx[38;2;214;6;11mO[38;2;174;5;10m0[38;2;138;4;8mK[38;2;167;4;9m0[38;2;154;4;8mK[38;2;66;1;4mN[38;2;74;1;4mN[38;2;72;1;4mk[38;2;31;31;31m [38;2;29;29;29m [38;2;19;19;19m [38;2;6;6;6m [38;2;0;0;0m      [0m
[0m[38;2;0;0;0m       [38;2;16;0;1m,[38;2;140;2;9mK[38;2;49;1;3mW[38;2;13;1;1mM[38;2;22;1;2mW[38;2;125;3;7mX[38;2;199;4;10m0[38;2;192;4;10m0[38;2;182;4;10m0[38;2;174;4;10m0[38;2;171;3;10m0[38;2;175;15;21m0[38;2;186;29;35mk[38;2;202;40;44mx[38;2;218;50;54md[38;2;233;60;63mo[38;2;78;21;22m:[38;2;0;0;0m  [38;2;18;18;18m.[38;2;184;184;184m'[38;2;74;74;74m:[38;2;5;0;0mk[38;2;30;0;2mW[38;2;82;8;12mX[38;2;194;34;39mk[38;2;181;28;33mO[38;2;178;25;31mO[38;2;178;25;31mO[38;2;177;21;27mO[38;2;172;3;10m0[38;2;176;3;10m0[38;2;182;3;10m0[38;2;188;4;10m0[38;2;173;4;10m0[38;2;68;1;4mK[38;2;8;8;8m [38;2;2;2;2m [38;2;0;0;0m          [0m
[0m[38;2;0;0;0m       [38;2;3;3;3m [38;2;19;19;19m [38;2;25;25;25m [38;2;38;1;2m,[38;2;181;3;10m0[38;2;190;4;10m0[38;2;197;5;11m0[38;2;205;5;11mO[38;2;214;5;11mO[38;2;223;6;12mO[38;2;75;2;4m'[38;2;81;81;81m [38;2;75;75;75m [38;2;57;57;57m [38;2;40;40;40m [38;2;23;23;23m [38;2;7;7;7m [38;2;0;0;0m [38;2;0;0;0m [38;2;78;45;47m0[38;2;162;87;91md[38;2;45;9;11m'[38;2;32;32;32m [38;2;24;24;24m [38;2;15;15;15m [38;2;12;12;12m [38;2;32;32;32m [38;2;53;53;53m [38;2;74;74;74m [38;2;90;90;90m [38;2;78;2;4m'[38;2;225;6;12mO[38;2;225;6;12mO[38;2;225;6;12mO[38;2;225;6;12mO[38;2;224;6;12mO[38;2;162;4;9mK[38;2;8;0;0m:[38;2;0;0;0m          [0m
[0m[38;2;0;0;0m         [38;2;13;0;1ml[38;2;185;4;9m0[38;2;225;6;12mO[38;2;223;6;12mO[38;2;2;0;0m [38;2;45;45;45m [38;2;29;29;29m [38;2;13;13;13m [38;2;1;1;1m [38;2;0;0;0m      [38;2;33;1;2mK[38;2;100;1;6m0[38;2;30;30;30m [38;2;36;36;36m [38;2;11;11;11m [38;2;0;0;0m        [38;2;1;1;1m [38;2;13;13;13m [38;2;28;28;28m [38;2;44;44;44m [38;2;62;62;62m [38;2;211;6;11mk[38;2;224;7;12mO[38;2;190;6;11m0[38;2;15;0;1ml[38;2;0;0;0m         [0m
[0m[38;2;0;0;0m       [38;2;1;0;0m,[38;2;51;1;3mW[38;2;52;1;3m.[38;2;47;47;47m [38;2;28;28;28m [38;2;9;9;9m [38;2;0;0;0m [38;2;0;0;0m         [38;2;6;6;6m [38;2;36;36;36m [38;2;13;13;13m [38;2;0;0;0m               [38;2;0;0;0m [38;2;9;9;9m [38;2;27;27;27m [38;2;45;45;45m [38;2;39;1;2m.[38;2;52;1;3mW[38;2;0;0;0m [38;2;0;0;0m       [0m
[0m[38;2;0;0;0m       [38;2;8;8;8m [38;2;27;27;27m [38;2;3;3;3m [38;2;0;0;0m                                   [38;2;0;0;0m [38;2;16;16;16m [38;2;3;3;3m [38;2;0;0;0m       [0m
[0m[38;2;0;0;0m                                                       [0m
[0m[38;2;0;0;0m                                                       [0m
[0m[38;2;0;0;0m                                                       [0m
